-75 5625 -149.9 0.2
-74.9 5610.01 -149.7 0.2
-74.8 5595.04 -149.5 0.2
-74.7 5580.09 -149.3 0.2
-74.6 5565.16 -149.1 0.2
-74.5 5550.25 -148.9 0.2
-74.4 5535.36 -148.7 0.2
-74.3 5520.49 -148.5 0.2
-74.2 5505.64 -148.3 0.2
-74.1 5490.81 -148.1 0.2
-74 5476 -147.9 0.2
-73.9 5461.21 -147.7 0.2
-73.8 5446.44 -147.5 0.2
-73.7 5431.69 -147.3 0.2
-73.6 5416.96 -147.1 0.2
-73.5 5402.25 -146.9 0.2
-73.4 5387.56 -146.7 0.2
-73.3 5372.89 -146.5 0.2
-73.2 5358.24 -146.3 0.2
-73.1 5343.61 -146.1 0.2
-73 5329 -145.9 0.2
-72.9 5314.41 -145.7 0.2
-72.8 5299.84 -145.5 0.2
-72.7 5285.29 -145.3 0.2
-72.6 5270.76 -145.1 0.2
-72.5 5256.25 -144.9 0.2
-72.4 5241.76 -144.7 0.2
-72.3 5227.29 -144.5 0.2
-72.2 5212.84 -144.3 0.2
-72.1 5198.41 -144.1 0.2
-72 5184 -143.9 0.2
-71.9 5169.61 -143.7 0.2
-71.8 5155.24 -143.5 0.2
-71.7 5140.89 -143.3 0.2
-71.6 5126.56 -143.1 0.2
-71.5 5112.25 -142.9 0.2
-71.4 5097.96 -142.7 0.2
-71.3 5083.69 -142.5 0.2
-71.2 5069.44 -142.3 0.2
-71.1 5055.21 -142.1 0.2
-71 5041 -141.9 0.2
-70.9 5026.81 -141.7 0.2
-70.8 5012.64 -141.5 0.2
-70.7 4998.49 -141.3 0.2
-70.6 4984.36 -141.1 0.2
-70.5 4970.25 -140.9 0.2
-70.4 4956.16 -140.7 0.2
-70.3 4942.09 -140.5 0.2
-70.2 4928.04 -140.3 0.2
-70.1 4914.01 -140.1 0.2
-70 4900 -139.9 0.2
-69.9 4886.01 -139.7 0.2
-69.8 4872.04 -139.5 0.2
-69.7 4858.09 -139.3 0.2
-69.6 4844.16 -139.1 0.2
-69.5 4830.25 -138.9 0.2
-69.4 4816.36 -138.7 0.2
-69.3 4802.49 -138.5 0.2
-69.2 4788.64 -138.3 0.2
-69.1 4774.81 -138.1 0.2
-69 4761 -137.9 0.2
-68.9 4747.21 -137.7 0.2
-68.8 4733.44 -137.5 0.2
-68.7 4719.69 -137.3 0.2
-68.6 4705.96 -137.1 0.2
-68.5 4692.25 -136.9 0.2
-68.4 4678.56 -136.7 0.2
-68.3 4664.89 -136.5 0.2
-68.2 4651.24 -136.3 0.2
-68.1 4637.61 -136.1 0.2
-68 4624 -135.9 0.2
-67.9 4610.41 -135.7 0.2
-67.8 4596.84 -135.5 0.2
-67.7 4583.29 -135.3 0.2
-67.6 4569.76 -135.1 0.2
-67.5 4556.25 -134.9 0.2
-67.4 4542.76 -134.7 0.2
-67.3 4529.29 -134.5 0.2
-67.2 4515.84 -134.3 0.2
-67.1 4502.41 -134.1 0.2
-67 4489 -133.9 0.2
-66.9 4475.61 -133.7 0.2
-66.8 4462.24 -133.5 0.2
-66.7 4448.89 -133.3 0.2
-66.6 4435.56 -133.1 0.2
-66.5 4422.25 -132.9 0.2
-66.4 4408.96 -132.7 0.2
-66.3 4395.69 -132.5 0.2
-66.2 4382.44 -132.3 0.2
-66.1 4369.21 -132.1 0.2
-66 4356 -131.9 0.2
-65.9 4342.81 -131.7 0.2
-65.8 4329.64 -131.5 0.2
-65.7 4316.49 -131.3 0.2
-65.6 4303.36 -131.1 0.2
-65.5 4290.25 -130.9 0.2
-65.4 4277.16 -130.7 0.2
-65.3 4264.09 -130.5 0.2
-65.2 4251.04 -130.3 0.2
-65.1 4238.01 -130.1 0.2
-65 4225 -129.9 0.2
-64.9 4212.01 -129.7 0.2
-64.8 4199.04 -129.5 0.2
-64.7 4186.09 -129.3 0.2
-64.6 4173.16 -129.1 0.2
-64.5 4160.25 -128.9 0.2
-64.4 4147.36 -128.7 0.2
-64.3 4134.49 -128.5 0.2
-64.2 4121.64 -128.3 0.2
-64.1 4108.81 -128.1 0.2
-64 4096 -127.9 0.2
-63.9 4083.21 -127.7 0.2
-63.8 4070.44 -127.5 0.2
-63.7 4057.69 -127.3 0.2
-63.6 4044.96 -127.1 0.2
-63.5 4032.25 -126.9 0.2
-63.4 4019.56 -126.7 0.2
-63.3 4006.89 -126.5 0.2
-63.2 3994.24 -126.3 0.2
-63.1 3981.61 -126.1 0.2
-63 3969 -125.9 0.2
-62.9 3956.41 -125.7 0.2
-62.8 3943.84 -125.5 0.2
-62.7 3931.29 -125.3 0.2
-62.6 3918.76 -125.1 0.2
-62.5 3906.25 -124.9 0.2
-62.4 3893.76 -124.7 0.2
-62.3 3881.29 -124.5 0.2
-62.2 3868.84 -124.3 0.2
-62.1 3856.41 -124.1 0.2
-62 3844 -123.9 0.2
-61.9 3831.61 -123.7 0.2
-61.8 3819.24 -123.5 0.2
-61.7 3806.89 -123.3 0.2
-61.6 3794.56 -123.1 0.2
-61.5 3782.25 -122.9 0.2
-61.4 3769.96 -122.7 0.2
-61.3 3757.69 -122.5 0.2
-61.2 3745.44 -122.3 0.2
-61.1 3733.21 -122.1 0.2
-61 3721 -121.9 0.2
-60.9 3708.81 -121.7 0.2
-60.8 3696.64 -121.5 0.2
-60.7 3684.49 -121.3 0.2
-60.6 3672.36 -121.1 0.2
-60.5 3660.25 -120.9 0.2
-60.4 3648.16 -120.7 0.2
-60.3 3636.09 -120.5 0.2
-60.2 3624.04 -120.3 0.2
-60.1 3612.01 -120.1 0.2
-60 3600 -119.9 0.2
-59.9 3588.01 -119.7 0.2
-59.8 3576.04 -119.5 0.2
-59.7 3564.09 -119.3 0.2
-59.6 3552.16 -119.1 0.2
-59.5 3540.25 -118.9 0.2
-59.4 3528.36 -118.7 0.2
-59.3 3516.49 -118.5 0.2
-59.2 3504.64 -118.3 0.2
-59.1 3492.81 -118.1 0.2
-59 3481 -117.9 0.2
-58.9 3469.21 -117.7 0.2
-58.8 3457.44 -117.5 0.2
-58.7 3445.69 -117.3 0.2
-58.6 3433.96 -117.1 0.2
-58.5 3422.25 -116.9 0.2
-58.4 3410.56 -116.7 0.2
-58.3 3398.89 -116.5 0.2
-58.2 3387.24 -116.3 0.2
-58.1 3375.61 -116.1 0.2
-58 3364 -115.9 0.2
-57.9 3352.41 -115.7 0.2
-57.8 3340.84 -115.5 0.2
-57.7 3329.29 -115.3 0.2
-57.6 3317.76 -115.1 0.2
-57.5 3306.25 -114.9 0.2
-57.4 3294.76 -114.7 0.2
-57.3 3283.29 -114.5 0.2
-57.2 3271.84 -114.3 0.2
-57.1 3260.41 -114.1 0.2
-57 3249 -113.9 0.2
-56.9 3237.61 -113.7 0.2
-56.8 3226.24 -113.5 0.2
-56.7 3214.89 -113.3 0.2
-56.6 3203.56 -113.1 0.2
-56.5 3192.25 -112.9 0.2
-56.4 3180.96 -112.7 0.2
-56.3 3169.69 -112.5 0.2
-56.2 3158.44 -112.3 0.2
-56.1 3147.21 -112.1 0.2
-56 3136 -111.9 0.2
-55.9 3124.81 -111.7 0.2
-55.8 3113.64 -111.5 0.2
-55.7 3102.49 -111.3 0.2
-55.6 3091.36 -111.1 0.2
-55.5 3080.25 -110.9 0.2
-55.4 3069.16 -110.7 0.2
-55.3 3058.09 -110.5 0.2
-55.2 3047.04 -110.3 0.2
-55.1 3036.01 -110.1 0.2
-55 3025 -109.9 0.2
-54.9 3014.01 -109.7 0.2
-54.8 3003.04 -109.5 0.2
-54.7 2992.09 -109.3 0.2
-54.6 2981.16 -109.1 0.2
-54.5 2970.25 -108.9 0.2
-54.4 2959.36 -108.7 0.2
-54.3 2948.49 -108.5 0.2
-54.2 2937.64 -108.3 0.2
-54.1 2926.81 -108.1 0.2
-54 2916 -107.9 0.2
-53.9 2905.21 -107.7 0.2
-53.8 2894.44 -107.5 0.2
-53.7 2883.69 -107.3 0.2
-53.6 2872.96 -107.1 0.2
-53.5 2862.25 -106.9 0.2
-53.4 2851.56 -106.7 0.2
-53.3 2840.89 -106.5 0.2
-53.2 2830.24 -106.3 0.2
-53.1 2819.61 -106.1 0.2
-53 2809 -105.9 0.2
-52.9 2798.41 -105.7 0.2
-52.8 2787.84 -105.5 0.2
-52.7 2777.29 -105.3 0.2
-52.6 2766.76 -105.1 0.2
-52.5 2756.25 -104.9 0.2
-52.4 2745.76 -104.7 0.2
-52.3 2735.29 -104.5 0.2
-52.2 2724.84 -104.3 0.2
-52.1 2714.41 -104.1 0.2
-52 2704 -103.9 0.2
-51.9 2693.61 -103.7 0.2
-51.8 2683.24 -103.5 0.2
-51.7 2672.89 -103.3 0.2
-51.6 2662.56 -103.1 0.2
-51.5 2652.25 -102.9 0.2
-51.4 2641.96 -102.7 0.2
-51.3 2631.69 -102.5 0.2
-51.2 2621.44 -102.3 0.2
-51.1 2611.21 -102.1 0.2
-51 2601 -101.9 0.2
-50.9 2590.81 -101.7 0.2
-50.8 2580.64 -101.5 0.2
-50.7 2570.49 -101.3 0.2
-50.6 2560.36 -101.1 0.2
-50.5 2550.25 -100.9 0.2
-50.4 2540.16 -100.7 0.2
-50.3 2530.09 -100.5 0.2
-50.2 2520.04 -100.3 0.2
-50.1 2510.01 -100.1 0.2
-50 2500 -99.9 0.2
-49.9 2490.01 -99.7 0.2
-49.8 2480.04 -99.5 0.2
-49.7 2470.09 -99.3 0.2
-49.6 2460.16 -99.1 0.2
-49.5 2450.25 -98.9 0.2
-49.4 2440.36 -98.7 0.2
-49.3 2430.49 -98.5 0.2
-49.2 2420.64 -98.3 0.2
-49.1 2410.81 -98.1 0.2
-49 2401 -97.9 0.2
-48.9 2391.21 -97.7 0.2
-48.8 2381.44 -97.5 0.2
-48.7 2371.69 -97.3 0.2
-48.6 2361.96 -97.1 0.2
-48.5 2352.25 -96.9 0.2
-48.4 2342.56 -96.7 0.2
-48.3 2332.89 -96.5 0.2
-48.2 2323.24 -96.3 0.2
-48.1 2313.61 -96.1 0.2
-48 2304 -95.9 0.2
-47.9 2294.41 -95.7 0.2
-47.8 2284.84 -95.5 0.2
-47.7 2275.29 -95.3 0.2
-47.6 2265.76 -95.1 0.2
-47.5 2256.25 -94.9 0.2
-47.4 2246.76 -94.7 0.2
-47.3 2237.29 -94.5 0.2
-47.2 2227.84 -94.3 0.2
-47.1 2218.41 -94.1 0.2
-47 2209 -93.9 0.2
-46.9 2199.61 -93.7 0.2
-46.8 2190.24 -93.5 0.2
-46.7 2180.89 -93.3 0.2
-46.6 2171.56 -93.1 0.2
-46.5 2162.25 -92.9 0.2
-46.4 2152.96 -92.7 0.2
-46.3 2143.69 -92.5 0.2
-46.2 2134.44 -92.3 0.2
-46.1 2125.21 -92.1 0.2
-46 2116 -91.9 0.2
-45.9 2106.81 -91.7 0.2
-45.8 2097.64 -91.5 0.2
-45.7 2088.49 -91.3 0.2
-45.6 2079.36 -91.1 0.2
-45.5 2070.25 -90.9 0.2
-45.4 2061.16 -90.7 0.2
-45.3 2052.09 -90.5 0.2
-45.2 2043.04 -90.3 0.2
-45.1 2034.01 -90.1 0.2
-45 2025 -89.9 0.2
-44.9 2016.01 -89.7 0.2
-44.8 2007.04 -89.5 0.2
-44.7 1998.09 -89.3 0.2
-44.6 1989.16 -89.1 0.2
-44.5 1980.25 -88.9 0.2
-44.4 1971.36 -88.7 0.2
-44.3 1962.49 -88.5 0.2
-44.2 1953.64 -88.3 0.2
-44.1 1944.81 -88.1 0.2
-44 1936 -87.9 0.2
-43.9 1927.21 -87.7 0.2
-43.8 1918.44 -87.5 0.2
-43.7 1909.69 -87.3 0.2
-43.6 1900.96 -87.1 0.2
-43.5 1892.25 -86.9 0.2
-43.4 1883.56 -86.7 0.2
-43.3 1874.89 -86.5 0.2
-43.2 1866.24 -86.3 0.2
-43.1 1857.61 -86.1 0.2
-43 1849 -85.9 0.2
-42.9 1840.41 -85.7 0.2
-42.8 1831.84 -85.5 0.2
-42.7 1823.29 -85.3 0.2
-42.6 1814.76 -85.1 0.2
-42.5 1806.25 -84.9 0.2
-42.4 1797.76 -84.7 0.2
-42.3 1789.29 -84.5 0.2
-42.2 1780.84 -84.3 0.2
-42.1 1772.41 -84.1 0.2
-42 1764 -83.9 0.2
-41.9 1755.61 -83.7 0.2
-41.8 1747.24 -83.5 0.2
-41.7 1738.89 -83.3 0.2
-41.6 1730.56 -83.1 0.2
-41.5 1722.25 -82.9 0.2
-41.4 1713.96 -82.7 0.2
-41.3 1705.69 -82.5 0.2
-41.2 1697.44 -82.3 0.2
-41.1 1689.21 -82.1 0.2
-41 1681 -81.9 0.2
-40.9 1672.81 -81.7 0.2
-40.8 1664.64 -81.5 0.2
-40.7 1656.49 -81.3 0.2
-40.6 1648.36 -81.1 0.2
-40.5 1640.25 -80.9 0.2
-40.4 1632.16 -80.7 0.2
-40.3 1624.09 -80.5 0.2
-40.2 1616.04 -80.3 0.2
-40.1 1608.01 -80.1 0.2
-40 1600 -79.9 0.2
-39.9 1592.01 -79.7 0.2
-39.8 1584.04 -79.5 0.2
-39.7 1576.09 -79.3 0.2
-39.6 1568.16 -79.1 0.2
-39.5 1560.25 -78.9 0.2
-39.4 1552.36 -78.7 0.2
-39.3 1544.49 -78.5 0.2
-39.2 1536.64 -78.3 0.2
-39.1 1528.81 -78.1 0.2
-39 1521 -77.9 0.2
-38.9 1513.21 -77.7 0.2
-38.8 1505.44 -77.5 0.2
-38.7 1497.69 -77.3 0.2
-38.6 1489.96 -77.1 0.2
-38.5 1482.25 -76.9 0.2
-38.4 1474.56 -76.7 0.2
-38.3 1466.89 -76.5 0.2
-38.2 1459.24 -76.3 0.2
-38.1 1451.61 -76.1 0.2
-38 1444 -75.9 0.2
-37.9 1436.41 -75.7 0.2
-37.8 1428.84 -75.5 0.2
-37.7 1421.29 -75.3 0.2
-37.6 1413.76 -75.1 0.2
-37.5 1406.25 -74.9 0.2
-37.4 1398.76 -74.7 0.2
-37.3 1391.29 -74.5 0.2
-37.2 1383.84 -74.3 0.2
-37.1 1376.41 -74.1 0.2
-37 1369 -73.9 0.2
-36.9 1361.61 -73.7 0.2
-36.8 1354.24 -73.5 0.2
-36.7 1346.89 -73.3 0.2
-36.6 1339.56 -73.1 0.2
-36.5 1332.25 -72.9 0.2
-36.4 1324.96 -72.7 0.2
-36.3 1317.69 -72.5 0.2
-36.2 1310.44 -72.3 0.2
-36.1 1303.21 -72.1 0.2
-36 1296 -71.9 0.2
-35.9 1288.81 -71.7 0.2
-35.8 1281.64 -71.5 0.2
-35.7 1274.49 -71.3 0.2
-35.6 1267.36 -71.1 0.2
-35.5 1260.25 -70.9 0.2
-35.4 1253.16 -70.7 0.2
-35.3 1246.09 -70.5 0.2
-35.2 1239.04 -70.3 0.2
-35.1 1232.01 -70.1 0.2
-35 1225 -69.9 0.2
-34.9 1218.01 -69.7 0.2
-34.8 1211.04 -69.5 0.2
-34.7 1204.09 -69.3 0.2
-34.6 1197.16 -69.1 0.2
-34.5 1190.25 -68.9 0.2
-34.4 1183.36 -68.7 0.2
-34.3 1176.49 -68.5 0.2
-34.2 1169.64 -68.3 0.2
-34.1 1162.81 -68.1 0.2
-34 1156 -67.9 0.2
-33.9 1149.21 -67.7 0.2
-33.8 1142.44 -67.5 0.2
-33.7 1135.69 -67.3 0.2
-33.6 1128.96 -67.1 0.2
-33.5 1122.25 -66.9 0.2
-33.4 1115.56 -66.7 0.2
-33.3 1108.89 -66.5 0.2
-33.2 1102.24 -66.3 0.2
-33.1 1095.61 -66.1 0.2
-33 1089 -65.9 0.2
-32.9 1082.41 -65.7 0.2
-32.8 1075.84 -65.5 0.2
-32.7 1069.29 -65.3 0.2
-32.6 1062.76 -65.1 0.2
-32.5 1056.25 -64.9 0.2
-32.4 1049.76 -64.7 0.2
-32.3 1043.29 -64.5 0.2
-32.2 1036.84 -64.3 0.2
-32.1 1030.41 -64.1 0.2
-32 1024 -63.9 0.2
-31.9 1017.61 -63.7 0.2
-31.8 1011.24 -63.5 0.2
-31.7 1004.89 -63.3 0.2
-31.6 998.56 -63.1 0.2
-31.5 992.25 -62.9 0.2
-31.4 985.96 -62.7 0.2
-31.3 979.69 -62.5 0.2
-31.2 973.44 -62.3 0.2
-31.1 967.21 -62.1 0.2
-31 961 -61.9 0.2
-30.9 954.81 -61.7 0.2
-30.8 948.64 -61.5 0.2
-30.7 942.49 -61.3 0.2
-30.6 936.36 -61.1 0.2
-30.5 930.25 -60.9 0.2
-30.4 924.16 -60.7 0.2
-30.3 918.09 -60.5 0.2
-30.2 912.04 -60.3 0.2
-30.1 906.01 -60.1 0.2
-30 900 -59.9 0.2
-29.9 894.01 -59.7 0.2
-29.8 888.04 -59.5 0.2
-29.7 882.09 -59.3 0.2
-29.6 876.16 -59.1 0.2
-29.5 870.25 -58.9 0.2
-29.4 864.36 -58.7 0.2
-29.3 858.49 -58.5 0.2
-29.2 852.64 -58.3 0.2
-29.1 846.81 -58.1 0.2
-29 841 -57.9 0.2
-28.9 835.21 -57.7 0.2
-28.8 829.44 -57.5 0.2
-28.7 823.69 -57.3 0.2
-28.6 817.96 -57.1 0.2
-28.5 812.25 -56.9 0.2
-28.4 806.56 -56.7 0.2
-28.3 800.89 -56.5 0.2
-28.2 795.24 -56.3 0.2
-28.1 789.61 -56.1 0.2
-28 784 -55.9 0.2
-27.9 778.41 -55.7 0.2
-27.8 772.84 -55.5 0.2
-27.7 767.29 -55.3 0.2
-27.6 761.76 -55.1 0.2
-27.5 756.25 -54.9 0.2
-27.4 750.76 -54.7 0.2
-27.3 745.29 -54.5 0.2
-27.2 739.84 -54.3 0.2
-27.1 734.41 -54.1 0.2
-27 729 -53.9 0.2
-26.9 723.61 -53.7 0.2
-26.8 718.24 -53.5 0.2
-26.7 712.89 -53.3 0.2
-26.6 707.56 -53.1 0.2
-26.5 702.25 -52.9 0.2
-26.4 696.96 -52.7 0.2
-26.3 691.69 -52.5 0.2
-26.2 686.44 -52.3 0.2
-26.1 681.21 -52.1 0.2
-26 676 -51.9 0.2
-25.9 670.81 -51.7 0.2
-25.8 665.64 -51.5 0.2
-25.7 660.49 -51.3 0.2
-25.6 655.36 -51.1 0.2
-25.5 650.25 -50.9 0.2
-25.4 645.16 -50.7 0.2
-25.3 640.09 -50.5 0.2
-25.2 635.04 -50.3 0.2
-25.1 630.01 -50.1 0.2
-25 625 -49.9 0.2
-24.9 620.01 -49.7 0.2
-24.8 615.04 -49.5 0.2
-24.7 610.09 -49.3 0.2
-24.6 605.16 -49.1 0.2
-24.5 600.25 -48.9 0.2
-24.4 595.36 -48.7 0.2
-24.3 590.49 -48.5 0.2
-24.2 585.64 -48.3 0.2
-24.1 580.81 -48.1 0.2
-24 576 -47.9 0.2
-23.9 571.21 -47.7 0.2
-23.8 566.44 -47.5 0.2
-23.7 561.69 -47.3 0.2
-23.6 556.96 -47.1 0.2
-23.5 552.25 -46.9 0.2
-23.4 547.56 -46.7 0.2
-23.3 542.89 -46.5 0.2
-23.2 538.24 -46.3 0.2
-23.1 533.61 -46.1 0.2
-23 529 -45.9 0.2
-22.9 524.41 -45.7 0.2
-22.8 519.84 -45.5 0.2
-22.7 515.29 -45.3 0.2
-22.6 510.76 -45.1 0.2
-22.5 506.25 -44.9 0.2
-22.4 501.76 -44.7 0.2
-22.3 497.29 -44.5 0.2
-22.2 492.84 -44.3 0.2
-22.1 488.41 -44.1 0.2
-22 484 -43.9 0.2
-21.9 479.61 -43.7 0.2
-21.8 475.24 -43.5 0.2
-21.7 470.89 -43.3 0.2
-21.6 466.56 -43.1 0.2
-21.5 462.25 -42.9 0.2
-21.4 457.96 -42.7 0.2
-21.3 453.69 -42.5 0.2
-21.2 449.44 -42.3 0.2
-21.1 445.21 -42.1 0.2
-21 441 -41.9 0.2
-20.9 436.81 -41.7 0.2
-20.8 432.64 -41.5 0.2
-20.7 428.49 -41.3 0.2
-20.6 424.36 -41.1 0.2
-20.5 420.25 -40.9 0.2
-20.4 416.16 -40.7 0.2
-20.3 412.09 -40.5 0.2
-20.2 408.04 -40.3 0.2
-20.1 404.01 -40.1 0.2
-20 400 -39.9 0.2
-19.9 396.01 -39.7 0.2
-19.8 392.04 -39.5 0.2
-19.7 388.09 -39.3 0.2
-19.6 384.16 -39.1 0.2
-19.5 380.25 -38.9 0.2
-19.4 376.36 -38.7 0.2
-19.3 372.49 -38.5 0.2
-19.2 368.64 -38.3 0.2
-19.1 364.81 -38.1 0.2
-19 361 -37.9 0.2
-18.9 357.21 -37.7 0.2
-18.8 353.44 -37.5 0.2
-18.7 349.69 -37.3 0.2
-18.6 345.96 -37.1 0.2
-18.5 342.25 -36.9 0.2
-18.4 338.56 -36.7 0.2
-18.3 334.89 -36.5 0.2
-18.2 331.24 -36.3 0.2
-18.1 327.61 -36.1 0.2
-18 324 -35.9 0.2
-17.9 320.41 -35.7 0.2
-17.8 316.84 -35.5 0.2
-17.7 313.29 -35.3 0.2
-17.6 309.76 -35.1 0.2
-17.5 306.25 -34.9 0.2
-17.4 302.76 -34.7 0.2
-17.3 299.29 -34.5 0.2
-17.2 295.84 -34.3 0.2
-17.1 292.41 -34.1 0.2
-17 289 -33.9 0.2
-16.9 285.61 -33.7 0.2
-16.8 282.24 -33.5 0.2
-16.7 278.89 -33.3 0.2
-16.6 275.56 -33.1 0.2
-16.5 272.25 -32.9 0.2
-16.4 268.96 -32.7 0.2
-16.3 265.69 -32.5 0.2
-16.2 262.44 -32.3 0.2
-16.1 259.21 -32.1 0.2
-16 256 -31.9 0.2
-15.9 252.81 -31.7 0.2
-15.8 249.64 -31.5 0.2
-15.7 246.49 -31.3 0.2
-15.6 243.36 -31.1 0.2
-15.5 240.25 -30.9 0.2
-15.4 237.16 -30.7 0.2
-15.3 234.09 -30.5 0.2
-15.2 231.04 -30.3 0.2
-15.1 228.01 -30.1 0.2
-15 225 -29.9 0.2
-14.9 222.01 -29.7 0.2
-14.8 219.04 -29.5 0.2
-14.7 216.09 -29.3 0.2
-14.6 213.16 -29.1 0.2
-14.5 210.25 -28.9 0.2
-14.4 207.36 -28.7 0.2
-14.3 204.49 -28.5 0.2
-14.2 201.64 -28.3 0.2
-14.1 198.81 -28.1 0.2
-14 196 -27.9 0.2
-13.9 193.21 -27.7 0.2
-13.8 190.44 -27.5 0.2
-13.7 187.69 -27.3 0.2
-13.6 184.96 -27.1 0.2
-13.5 182.25 -26.9 0.2
-13.4 179.56 -26.7 0.2
-13.3 176.89 -26.5 0.2
-13.2 174.24 -26.3 0.2
-13.1 171.61 -26.1 0.2
-13 169 -25.9 0.2
-12.9 166.41 -25.7 0.2
-12.8 163.84 -25.5 0.2
-12.7 161.29 -25.3 0.2
-12.6 158.76 -25.1 0.2
-12.5 156.25 -24.9 0.2
-12.4 153.76 -24.7 0.2
-12.3 151.29 -24.5 0.2
-12.2 148.84 -24.3 0.2
-12.1 146.41 -24.1 0.2
-12 144 -23.9 0.2
-11.9 141.61 -23.7 0.2
-11.8 139.24 -23.5 0.2
-11.7 136.89 -23.3 0.2
-11.6 134.56 -23.1 0.2
-11.5 132.25 -22.9 0.2
-11.4 129.96 -22.7 0.2
-11.3 127.69 -22.5 0.2
-11.2 125.44 -22.3 0.2
-11.1 123.21 -22.1 0.2
-11 121 -21.9 0.2
-10.9 118.81 -21.7 0.2
-10.8 116.64 -21.5 0.2
-10.7 114.49 -21.3 0.2
-10.6 112.36 -21.1 0.2
-10.5 110.25 -20.9 0.2
-10.4 108.16 -20.7 0.2
-10.3 106.09 -20.5 0.2
-10.2 104.04 -20.3 0.2
-10.1 102.01 -20.1 0.2
-10 100 -19.9 0.2
-9.9 98.01 -19.7 0.2
-9.8 96.04 -19.5 0.2
-9.7 94.09 -19.3 0.2
-9.6 92.16 -19.1 0.2
-9.5 90.25 -18.9 0.2
-9.4 88.36 -18.7 0.2
-9.3 86.49 -18.5 0.2
-9.2 84.64 -18.3 0.2
-9.1 82.81 -18.1 0.2
-9 81 -17.9 0.2
-8.9 79.21 -17.7 0.2
-8.8 77.44 -17.5 0.2
-8.7 75.69 -17.3 0.2
-8.6 73.96 -17.1 0.2
-8.5 72.25 -16.9 0.2
-8.4 70.56 -16.7 0.2
-8.3 68.89 -16.5 0.2
-8.2 67.24 -16.3 0.2
-8.1 65.61 -16.1 0.2
-8 64 -15.9 0.2
-7.9 62.41 -15.7 0.2
-7.8 60.84 -15.5 0.2
-7.7 59.29 -15.3 0.2
-7.6 57.76 -15.1 0.2
-7.5 56.25 -14.9 0.2
-7.4 54.76 -14.7 0.2
-7.3 53.29 -14.5 0.2
-7.2 51.84 -14.3 0.2
-7.1 50.41 -14.1 0.2
-7 49 -13.9 0.2
-6.9 47.61 -13.7 0.2
-6.8 46.24 -13.5 0.2
-6.7 44.89 -13.3 0.2
-6.6 43.56 -13.1 0.2
-6.5 42.25 -12.9 0.2
-6.4 40.96 -12.7 0.2
-6.3 39.69 -12.5 0.2
-6.2 38.44 -12.3 0.2
-6.1 37.21 -12.1 0.2
-6 36 -11.9 0.2
-5.9 34.81 -11.7 0.2
-5.8 33.64 -11.5 0.2
-5.7 32.49 -11.3 0.2
-5.6 31.36 -11.1 0.2
-5.5 30.25 -10.9 0.2
-5.4 29.16 -10.7 0.2
-5.3 28.09 -10.5 0.2
-5.2 27.04 -10.3 0.2
-5.1 26.01 -10.1 0.2
-5 25 -9.9 0.2
-4.9 24.01 -9.7 0.2
-4.8 23.04 -9.5 0.2
-4.7 22.09 -9.3 0.2
-4.6 21.16 -9.1 0.2
-4.5 20.25 -8.9 0.2
-4.4 19.36 -8.7 0.2
-4.3 18.49 -8.5 0.2
-4.2 17.64 -8.3 0.2
-4.1 16.81 -8.1 0.2
-4 16 -7.9 0.2
-3.9 15.21 -7.7 0.2
-3.8 14.44 -7.5 0.2
-3.7 13.69 -7.3 0.2
-3.6 12.96 -7.1 0.2
-3.5 12.25 -6.9 0.2
-3.4 11.56 -6.7 0.2
-3.3 10.89 -6.5 0.2
-3.2 10.24 -6.3 0.2
-3.1 9.61 -6.1 0.2
-3 9 -5.9 0.2
-2.9 8.41 -5.7 0.2
-2.8 7.84 -5.5 0.2
-2.7 7.29 -5.3 0.2
-2.6 6.76 -5.1 0.2
-2.5 6.25 -4.9 0.2
-2.4 5.76 -4.7 0.2
-2.3 5.29 -4.5 0.2
-2.2 4.84 -4.3 0.2
-2.1 4.41 -4.1 0.2
-2 4 -3.9 0.2
-1.9 3.61 -3.7 0.2
-1.8 3.24 -3.5 0.2
-1.7 2.89 -3.3 0.2
-1.6 2.56 -3.1 0.2
-1.5 2.25 -2.9 0.2
-1.4 1.96 -2.7 0.2
-1.3 1.69 -2.5 0.2
-1.2 1.44 -2.3 0.2
-1.1 1.21 -2.1 0.2
-1 1 -1.9 0.2
-0.9 0.81 -1.7 0.2
-0.8 0.64 -1.5 0.2
-0.7 0.49 -1.3 0.2
-0.6 0.36 -1.1 0.2
-0.5 0.25 -0.9 0.2
-0.4 0.16 -0.7 0.2
-0.3 0.09 -0.5 0.2
-0.2 0.04 -0.3 0.2
-0.1 0.01 -0.1 0.2
1.52933e-014 2.33886e-028 0.1 0.2
0.1 0.01 0.3 0.2
0.2 0.04 0.5 0.2
0.3 0.09 0.7 0.2
0.4 0.16 0.9 0.2
0.5 0.25 1.1 0.2
0.6 0.36 1.3 0.2
0.7 0.49 1.5 0.2
0.8 0.64 1.7 0.2
0.9 0.81 1.9 0.2
1 1 2.1 0.2
1.1 1.21 2.3 0.2
1.2 1.44 2.5 0.2
1.3 1.69 2.7 0.2
1.4 1.96 2.9 0.2
1.5 2.25 3.1 0.2
1.6 2.56 3.3 0.2
1.7 2.89 3.5 0.2
1.8 3.24 3.7 0.2
1.9 3.61 3.9 0.2
2 4 4.1 0.2
2.1 4.41 4.3 0.2
2.2 4.84 4.5 0.2
2.3 5.29 4.7 0.2
2.4 5.76 4.9 0.2
2.5 6.25 5.1 0.2
2.6 6.76 5.3 0.2
2.7 7.29 5.5 0.2
2.8 7.84 5.7 0.2
2.9 8.41 5.9 0.2
3 9 6.1 0.2
3.1 9.61 6.3 0.2
3.2 10.24 6.5 0.2
3.3 10.89 6.7 0.2
3.4 11.56 6.9 0.2
3.5 12.25 7.1 0.2
3.6 12.96 7.3 0.2
3.7 13.69 7.5 0.2
3.8 14.44 7.7 0.2
3.9 15.21 7.9 0.2
4 16 8.1 0.2
4.1 16.81 8.3 0.2
4.2 17.64 8.5 0.2
4.3 18.49 8.7 0.2
4.4 19.36 8.9 0.2
4.5 20.25 9.1 0.2
4.6 21.16 9.3 0.2
4.7 22.09 9.5 0.2
4.8 23.04 9.7 0.2
4.9 24.01 9.9 0.2
5 25 10.1 0.2
5.1 26.01 10.3 0.2
5.2 27.04 10.5 0.2
5.3 28.09 10.7 0.2
5.4 29.16 10.9 0.2
5.5 30.25 11.1 0.2
5.6 31.36 11.3 0.2
5.7 32.49 11.5 0.2
5.8 33.64 11.7 0.2
5.9 34.81 11.9 0.2
6 36 12.1 0.2
6.1 37.21 12.3 0.2
6.2 38.44 12.5 0.2
6.3 39.69 12.7 0.2
6.4 40.96 12.9 0.2
6.5 42.25 13.1 0.2
6.6 43.56 13.3 0.2
6.7 44.89 13.5 0.2
6.8 46.24 13.7 0.2
6.9 47.61 13.9 0.2
7 49 14.1 0.2
7.1 50.41 14.3 0.2
7.2 51.84 14.5 0.2
7.3 53.29 14.7 0.2
7.4 54.76 14.9 0.2
7.5 56.25 15.1 0.2
7.6 57.76 15.3 0.2
7.7 59.29 15.5 0.2
7.8 60.84 15.7 0.2
7.9 62.41 15.9 0.2
8 64 16.1 0.2
8.1 65.61 16.3 0.2
8.2 67.24 16.5 0.2
8.3 68.89 16.7 0.2
8.4 70.56 16.9 0.2
8.5 72.25 17.1 0.2
8.6 73.96 17.3 0.2
8.7 75.69 17.5 0.2
8.8 77.44 17.7 0.2
8.9 79.21 17.9 0.2
9 81 18.1 0.2
9.1 82.81 18.3 0.2
9.2 84.64 18.5 0.2
9.3 86.49 18.7 0.2
9.4 88.36 18.9 0.2
9.5 90.25 19.1 0.2
9.6 92.16 19.3 0.2
9.7 94.09 19.5 0.2
9.8 96.04 19.7 0.2
9.9 98.01 19.9 0.2
10 100 20.1 0.2
10.1 102.01 20.3 0.2
10.2 104.04 20.5 0.2
10.3 106.09 20.7 0.2
10.4 108.16 20.9 0.2
10.5 110.25 21.1 0.2
10.6 112.36 21.3 0.2
10.7 114.49 21.5 0.2
10.8 116.64 21.7 0.2
10.9 118.81 21.9 0.2
11 121 22.1 0.2
11.1 123.21 22.3 0.2
11.2 125.44 22.5 0.2
11.3 127.69 22.7 0.2
11.4 129.96 22.9 0.2
11.5 132.25 23.1 0.2
11.6 134.56 23.3 0.2
11.7 136.89 23.5 0.2
11.8 139.24 23.7 0.2
11.9 141.61 23.9 0.2
12 144 24.1 0.2
12.1 146.41 24.3 0.2
12.2 148.84 24.5 0.2
12.3 151.29 24.7 0.2
12.4 153.76 24.9 0.2
12.5 156.25 25.1 0.2
12.6 158.76 25.3 0.2
12.7 161.29 25.5 0.2
12.8 163.84 25.7 0.2
12.9 166.41 25.9 0.2
13 169 26.1 0.2
13.1 171.61 26.3 0.2
13.2 174.24 26.5 0.2
13.3 176.89 26.7 0.2
13.4 179.56 26.9 0.2
13.5 182.25 27.1 0.2
13.6 184.96 27.3 0.2
13.7 187.69 27.5 0.2
13.8 190.44 27.7 0.2
13.9 193.21 27.9 0.2
14 196 28.1 0.2
14.1 198.81 28.3 0.2
14.2 201.64 28.5 0.2
14.3 204.49 28.7 0.2
14.4 207.36 28.9 0.2
14.5 210.25 29.1 0.2
14.6 213.16 29.3 0.2
14.7 216.09 29.5 0.2
14.8 219.04 29.7 0.2
14.9 222.01 29.9 0.2
15 225 30.1 0.2
15.1 228.01 30.3 0.2
15.2 231.04 30.5 0.2
15.3 234.09 30.7 0.2
15.4 237.16 30.9 0.2
15.5 240.25 31.1 0.2
15.6 243.36 31.3 0.2
15.7 246.49 31.5 0.2
15.8 249.64 31.7 0.2
15.9 252.81 31.9 0.2
16 256 32.1 0.2
16.1 259.21 32.3 0.2
16.2 262.44 32.5 0.2
16.3 265.69 32.7 0.2
16.4 268.96 32.9 0.2
16.5 272.25 33.1 0.2
16.6 275.56 33.3 0.2
16.7 278.89 33.5 0.2
16.8 282.24 33.7 0.2
16.9 285.61 33.9 0.2
17 289 34.1 0.2
17.1 292.41 34.3 0.2
17.2 295.84 34.5 0.2
17.3 299.29 34.7 0.2
17.4 302.76 34.9 0.2
17.5 306.25 35.1 0.2
17.6 309.76 35.3 0.2
17.7 313.29 35.5 0.2
17.8 316.84 35.7 0.2
17.9 320.41 35.9 0.2
18 324 36.1 0.2
18.1 327.61 36.3 0.2
18.2 331.24 36.5 0.2
18.3 334.89 36.7 0.2
18.4 338.56 36.9 0.2
18.5 342.25 37.1 0.2
18.6 345.96 37.3 0.2
18.7 349.69 37.5 0.2
18.8 353.44 37.7 0.2
18.9 357.21 37.9 0.2
19 361 38.1 0.2
19.1 364.81 38.3 0.2
19.2 368.64 38.5 0.2
19.3 372.49 38.7 0.2
19.4 376.36 38.9 0.2
19.5 380.25 39.1 0.2
19.6 384.16 39.3 0.2
19.7 388.09 39.5 0.2
19.8 392.04 39.7 0.2
19.9 396.01 39.9 0.2
20 400 40.1 0.2
20.1 404.01 40.3 0.2
20.2 408.04 40.5 0.2
20.3 412.09 40.7 0.2
20.4 416.16 40.9 0.2
20.5 420.25 41.1 0.2
20.6 424.36 41.3 0.2
20.7 428.49 41.5 0.2
20.8 432.64 41.7 0.2
20.9 436.81 41.9 0.2
21 441 42.1 0.2
21.1 445.21 42.3 0.2
21.2 449.44 42.5 0.2
21.3 453.69 42.7 0.2
21.4 457.96 42.9 0.2
21.5 462.25 43.1 0.2
21.6 466.56 43.3 0.2
21.7 470.89 43.5 0.2
21.8 475.24 43.7 0.2
21.9 479.61 43.9 0.2
22 484 44.1 0.2
22.1 488.41 44.3 0.2
22.2 492.84 44.5 0.2
22.3 497.29 44.7 0.2
22.4 501.76 44.9 0.2
22.5 506.25 45.1 0.2
22.6 510.76 45.3 0.2
22.7 515.29 45.5 0.2
22.8 519.84 45.7 0.2
22.9 524.41 45.9 0.2
23 529 46.1 0.2
23.1 533.61 46.3 0.2
23.2 538.24 46.5 0.2
23.3 542.89 46.7 0.2
23.4 547.56 46.9 0.2
23.5 552.25 47.1 0.2
23.6 556.96 47.3 0.2
23.7 561.69 47.5 0.2
23.8 566.44 47.7 0.2
23.9 571.21 47.9 0.2
24 576 48.1 0.2
24.1 580.81 48.3 0.2
24.2 585.64 48.5 0.2
24.3 590.49 48.7 0.2
24.4 595.36 48.9 0.2
24.5 600.25 49.1 0.2
24.6 605.16 49.3 0.2
24.7 610.09 49.5 0.2
24.8 615.04 49.7 0.2
24.9 620.01 49.9 0.2
25 625 50.1 0.2
25.1 630.01 50.3 0.2
25.2 635.04 50.5 0.2
25.3 640.09 50.7 0.2
25.4 645.16 50.9 0.2
25.5 650.25 51.1 0.2
25.6 655.36 51.3 0.2
25.7 660.49 51.5 0.2
25.8 665.64 51.7 0.2
25.9 670.81 51.9 0.2
26 676 52.1 0.2
26.1 681.21 52.3 0.2
26.2 686.44 52.5 0.2
26.3 691.69 52.7 0.2
26.4 696.96 52.9 0.2
26.5 702.25 53.1 0.2
26.6 707.56 53.3 0.2
26.7 712.89 53.5 0.2
26.8 718.24 53.7 0.2
26.9 723.61 53.9 0.2
27 729 54.1 0.2
27.1 734.41 54.3 0.2
27.2 739.84 54.5 0.2
27.3 745.29 54.7 0.2
27.4 750.76 54.9 0.2
27.5 756.25 55.1 0.2
27.6 761.76 55.3 0.2
27.7 767.29 55.5 0.2
27.8 772.84 55.7 0.2
27.9 778.41 55.9 0.2
28 784 56.1 0.2
28.1 789.61 56.3 0.2
28.2 795.24 56.5 0.2
28.3 800.89 56.7 0.2
28.4 806.56 56.9 0.2
28.5 812.25 57.1 0.2
28.6 817.96 57.3 0.2
28.7 823.69 57.5 0.2
28.8 829.44 57.7 0.2
28.9 835.21 57.9 0.2
29 841 58.1 0.2
29.1 846.81 58.3 0.2
29.2 852.64 58.5 0.2
29.3 858.49 58.7 0.2
29.4 864.36 58.9 0.2
29.5 870.25 59.1 0.2
29.6 876.16 59.3 0.2
29.7 882.09 59.5 0.2
29.8 888.04 59.7 0.2
29.9 894.01 59.9 0.2
30 900 60.1 0.2
30.1 906.01 60.3 0.2
30.2 912.04 60.5 0.2
30.3 918.09 60.7 0.2
30.4 924.16 60.9 0.2
30.5 930.25 61.1 0.2
30.6 936.36 61.3 0.2
30.7 942.49 61.5 0.2
30.8 948.64 61.7 0.2
30.9 954.81 61.9 0.2
31 961 62.1 0.2
31.1 967.21 62.3 0.2
31.2 973.44 62.5 0.2
31.3 979.69 62.7 0.2
31.4 985.96 62.9 0.2
31.5 992.25 63.1 0.2
31.6 998.56 63.3 0.2
31.7 1004.89 63.5 0.2
31.8 1011.24 63.7 0.2
31.9 1017.61 63.9 0.2
32 1024 64.1 0.2
32.1 1030.41 64.3 0.2
32.2 1036.84 64.5 0.2
32.3 1043.29 64.7 0.2
32.4 1049.76 64.9 0.2
32.5 1056.25 65.1 0.2
32.6 1062.76 65.3 0.2
32.7 1069.29 65.5 0.2
32.8 1075.84 65.7 0.2
32.9 1082.41 65.9 0.2
33 1089 66.1 0.2
33.1 1095.61 66.3 0.2
33.2 1102.24 66.5 0.2
33.3 1108.89 66.7 0.2
33.4 1115.56 66.9 0.2
33.5 1122.25 67.1 0.2
33.6 1128.96 67.3 0.2
33.7 1135.69 67.5 0.2
33.8 1142.44 67.7 0.2
33.9 1149.21 67.9 0.2
34 1156 68.1 0.2
34.1 1162.81 68.3 0.2
34.2 1169.64 68.5 0.2
34.3 1176.49 68.7 0.2
34.4 1183.36 68.9 0.2
34.5 1190.25 69.1 0.2
34.6 1197.16 69.3 0.2
34.7 1204.09 69.5 0.2
34.8 1211.04 69.7 0.2
34.9 1218.01 69.9 0.2
35 1225 70.1 0.2
35.1 1232.01 70.3 0.2
35.2 1239.04 70.5 0.2
35.3 1246.09 70.7 0.2
35.4 1253.16 70.9 0.2
35.5 1260.25 71.1 0.2
35.6 1267.36 71.3 0.2
35.7 1274.49 71.5 0.2
35.8 1281.64 71.7 0.2
35.9 1288.81 71.9 0.2
36 1296 72.1 0.2
36.1 1303.21 72.3 0.2
36.2 1310.44 72.5 0.2
36.3 1317.69 72.7 0.2
36.4 1324.96 72.9 0.2
36.5 1332.25 73.1 0.2
36.6 1339.56 73.3 0.2
36.7 1346.89 73.5 0.2
36.8 1354.24 73.7 0.2
36.9 1361.61 73.9 0.2
37 1369 74.1 0.2
37.1 1376.41 74.3 0.2
37.2 1383.84 74.5 0.2
37.3 1391.29 74.7 0.2
37.4 1398.76 74.9 0.2
37.5 1406.25 75.1 0.2
37.6 1413.76 75.3 0.2
37.7 1421.29 75.5 0.2
37.8 1428.84 75.7 0.2
37.9 1436.41 75.9 0.2
38 1444 76.1 0.2
38.1 1451.61 76.3 0.2
38.2 1459.24 76.5 0.2
38.3 1466.89 76.7 0.2
38.4 1474.56 76.9 0.2
38.5 1482.25 77.1 0.2
38.6 1489.96 77.3 0.2
38.7 1497.69 77.5 0.2
38.8 1505.44 77.7 0.2
38.9 1513.21 77.9 0.2
39 1521 78.1 0.2
39.1 1528.81 78.3 0.2
39.2 1536.64 78.5 0.2
39.3 1544.49 78.7 0.2
39.4 1552.36 78.9 0.2
39.5 1560.25 79.1 0.2
39.6 1568.16 79.3 0.2
39.7 1576.09 79.5 0.2
39.8 1584.04 79.7 0.2
39.9 1592.01 79.9 0.2
40 1600 80.1 0.2
40.1 1608.01 80.3 0.2
40.2 1616.04 80.5 0.2
40.3 1624.09 80.7 0.2
40.4 1632.16 80.9 0.2
40.5 1640.25 81.1 0.2
40.6 1648.36 81.3 0.2
40.7 1656.49 81.5 0.2
40.8 1664.64 81.7 0.2
40.9 1672.81 81.9 0.2
41 1681 82.1 0.2
41.1 1689.21 82.3 0.2
41.2 1697.44 82.5 0.2
41.3 1705.69 82.7 0.2
41.4 1713.96 82.9 0.2
41.5 1722.25 83.1 0.2
41.6 1730.56 83.3 0.2
41.7 1738.89 83.5 0.2
41.8 1747.24 83.7 0.2
41.9 1755.61 83.9 0.2
42 1764 84.1 0.2
42.1 1772.41 84.3 0.2
42.2 1780.84 84.5 0.2
42.3 1789.29 84.7 0.2
42.4 1797.76 84.9 0.2
42.5 1806.25 85.1 0.2
42.6 1814.76 85.3 0.2
42.7 1823.29 85.5 0.2
42.8 1831.84 85.7 0.2
42.9 1840.41 85.9 0.2
43 1849 86.1 0.2
43.1 1857.61 86.3 0.2
43.2 1866.24 86.5 0.2
43.3 1874.89 86.7 0.2
43.4 1883.56 86.9 0.2
43.5 1892.25 87.1 0.2
43.6 1900.96 87.3 0.2
43.7 1909.69 87.5 0.2
43.8 1918.44 87.7 0.2
43.9 1927.21 87.9 0.2
44 1936 88.1 0.2
44.1 1944.81 88.3 0.2
44.2 1953.64 88.5 0.2
44.3 1962.49 88.7 0.2
44.4 1971.36 88.9 0.2
44.5 1980.25 89.1 0.2
44.6 1989.16 89.3 0.2
44.7 1998.09 89.5 0.2
44.8 2007.04 89.7 0.2
44.9 2016.01 89.9 0.2
45 2025 90.1 0.2
45.1 2034.01 90.3 0.2
45.2 2043.04 90.5 0.2
45.3 2052.09 90.7 0.2
45.4 2061.16 90.9 0.2
45.5 2070.25 91.1 0.2
45.6 2079.36 91.3 0.2
45.7 2088.49 91.5 0.2
45.8 2097.64 91.7 0.2
45.9 2106.81 91.9 0.2
46 2116 92.1 0.2
46.1 2125.21 92.3 0.2
46.2 2134.44 92.5 0.2
46.3 2143.69 92.7 0.2
46.4 2152.96 92.9 0.2
46.5 2162.25 93.1 0.2
46.6 2171.56 93.3 0.2
46.7 2180.89 93.5 0.2
46.8 2190.24 93.7 0.2
46.9 2199.61 93.9 0.2
47 2209 94.1 0.2
47.1 2218.41 94.3 0.2
47.2 2227.84 94.5 0.2
47.3 2237.29 94.7 0.2
47.4 2246.76 94.9 0.2
47.5 2256.25 95.1 0.2
47.6 2265.76 95.3 0.2
47.7 2275.29 95.5 0.2
47.8 2284.84 95.7 0.2
47.9 2294.41 95.9 0.2
48 2304 96.1 0.2
48.1 2313.61 96.3 0.2
48.2 2323.24 96.5 0.2
48.3 2332.89 96.7 0.2
48.4 2342.56 96.9 0.2
48.5 2352.25 97.1 0.2
48.6 2361.96 97.3 0.2
48.7 2371.69 97.5 0.2
48.8 2381.44 97.7 0.2
48.9 2391.21 97.9 0.2
49 2401 98.1 0.2
49.1 2410.81 98.3 0.2
49.2 2420.64 98.5 0.2
49.3 2430.49 98.7 0.2
49.4 2440.36 98.9 0.2
49.5 2450.25 99.1 0.2
49.6 2460.16 99.3 0.2
49.7 2470.09 99.5 0.2
49.8 2480.04 99.7 0.2
49.9 2490.01 99.9 0.2
50 2500 100.1 0.2
50.1 2510.01 100.3 0.2
50.2 2520.04 100.5 0.2
50.3 2530.09 100.7 0.2
50.4 2540.16 100.9 0.2
50.5 2550.25 101.1 0.2
50.6 2560.36 101.3 0.2
50.7 2570.49 101.5 0.2
50.8 2580.64 101.7 0.2
50.9 2590.81 101.9 0.2
51 2601 102.1 0.2
51.1 2611.21 102.3 0.2
51.2 2621.44 102.5 0.2
51.3 2631.69 102.7 0.2
51.4 2641.96 102.9 0.2
51.5 2652.25 103.1 0.2
51.6 2662.56 103.3 0.2
51.7 2672.89 103.5 0.2
51.8 2683.24 103.7 0.2
51.9 2693.61 103.9 0.2
52 2704 104.1 0.2
52.1 2714.41 104.3 0.2
52.2 2724.84 104.5 0.2
52.3 2735.29 104.7 0.2
52.4 2745.76 104.9 0.2
52.5 2756.25 105.1 0.2
52.6 2766.76 105.3 0.2
52.7 2777.29 105.5 0.2
52.8 2787.84 105.7 0.2
52.9 2798.41 105.9 0.2
53 2809 106.1 0.2
53.1 2819.61 106.3 0.2
53.2 2830.24 106.5 0.2
53.3 2840.89 106.7 0.2
53.4 2851.56 106.9 0.2
53.5 2862.25 107.1 0.2
53.6 2872.96 107.3 0.2
53.7 2883.69 107.5 0.2
53.8 2894.44 107.7 0.2
53.9 2905.21 107.9 0.2
54 2916 108.1 0.2
54.1 2926.81 108.3 0.2
54.2 2937.64 108.5 0.2
54.3 2948.49 108.7 0.2
54.4 2959.36 108.9 0.2
54.5 2970.25 109.1 0.2
54.6 2981.16 109.3 0.2
54.7 2992.09 109.5 0.2
54.8 3003.04 109.7 0.2
54.9 3014.01 109.9 0.2
55 3025 110.1 0.2
55.1 3036.01 110.3 0.2
55.2 3047.04 110.5 0.2
55.3 3058.09 110.7 0.2
55.4 3069.16 110.9 0.2
55.5 3080.25 111.1 0.2
55.6 3091.36 111.3 0.2
55.7 3102.49 111.5 0.2
55.8 3113.64 111.7 0.2
55.9 3124.81 111.9 0.2
56 3136 112.1 0.2
56.1 3147.21 112.3 0.2
56.2 3158.44 112.5 0.2
56.3 3169.69 112.7 0.2
56.4 3180.96 112.9 0.2
56.5 3192.25 113.1 0.2
56.6 3203.56 113.3 0.2
56.7 3214.89 113.5 0.2
56.8 3226.24 113.7 0.2
56.9 3237.61 113.9 0.2
57 3249 114.1 0.2
57.1 3260.41 114.3 0.2
57.2 3271.84 114.5 0.2
57.3 3283.29 114.7 0.2
57.4 3294.76 114.9 0.2
57.5 3306.25 115.1 0.2
57.6 3317.76 115.3 0.2
57.7 3329.29 115.5 0.2
57.8 3340.84 115.7 0.2
57.9 3352.41 115.9 0.2
58 3364 116.1 0.2
58.1 3375.61 116.3 0.2
58.2 3387.24 116.5 0.2
58.3 3398.89 116.7 0.2
58.4 3410.56 116.9 0.2
58.5 3422.25 117.1 0.2
58.6 3433.96 117.3 0.2
58.7 3445.69 117.5 0.2
58.8 3457.44 117.7 0.2
58.9 3469.21 117.9 0.2
59 3481 118.1 0.2
59.1 3492.81 118.3 0.2
59.2 3504.64 118.5 0.2
59.3 3516.49 118.7 0.2
59.4 3528.36 118.9 0.2
59.5 3540.25 119.1 0.2
59.6 3552.16 119.3 0.2
59.7 3564.09 119.5 0.2
59.8 3576.04 119.7 0.2
59.9 3588.01 119.9 0.2
60 3600 120.1 0.2
60.1 3612.01 120.3 0.2
60.2 3624.04 120.5 0.2
60.3 3636.09 120.7 0.2
60.4 3648.16 120.9 0.2
60.5 3660.25 121.1 0.2
60.6 3672.36 121.3 0.2
60.7 3684.49 121.5 0.2
60.8 3696.64 121.7 0.2
60.9 3708.81 121.9 0.2
61 3721 122.1 0.2
61.1 3733.21 122.3 0.2
61.2 3745.44 122.5 0.2
61.3 3757.69 122.7 0.2
61.4 3769.96 122.9 0.2
61.5 3782.25 123.1 0.2
61.6 3794.56 123.3 0.2
61.7 3806.89 123.5 0.2
61.8 3819.24 123.7 0.2
61.9 3831.61 123.9 0.2
62 3844 124.1 0.2
62.1 3856.41 124.3 0.2
62.2 3868.84 124.5 0.2
62.3 3881.29 124.7 0.2
62.4 3893.76 124.9 0.2
62.5 3906.25 125.1 0.2
62.6 3918.76 125.3 0.2
62.7 3931.29 125.5 0.2
62.8 3943.84 125.7 0.2
62.9 3956.41 125.9 0.2
63 3969 126.1 0.2
63.1 3981.61 126.3 0.2
63.2 3994.24 126.5 0.2
63.3 4006.89 126.7 0.2
63.4 4019.56 126.9 0.2
63.5 4032.25 127.1 0.2
63.6 4044.96 127.3 0.2
63.7 4057.69 127.5 0.2
63.8 4070.44 127.7 0.2
63.9 4083.21 127.9 0.2
64 4096 128.1 0.2
64.1 4108.81 128.3 0.2
64.2 4121.64 128.5 0.2
64.3 4134.49 128.7 0.2
64.4 4147.36 128.9 0.2
64.5 4160.25 129.1 0.2
64.6 4173.16 129.3 0.2
64.7 4186.09 129.5 0.2
64.8 4199.04 129.7 0.2
64.9 4212.01 129.9 0.2
65 4225 130.1 0.2
65.1 4238.01 130.3 0.2
65.2 4251.04 130.5 0.2
65.3 4264.09 130.7 0.2
65.4 4277.16 130.9 0.2
65.5 4290.25 131.1 0.2
65.6 4303.36 131.3 0.2
65.7 4316.49 131.5 0.2
65.8 4329.64 131.7 0.2
65.9 4342.81 131.9 0.2
66 4356 132.1 0.2
66.1 4369.21 132.3 0.2
66.2 4382.44 132.5 0.2
66.3 4395.69 132.7 0.2
66.4 4408.96 132.9 0.2
66.5 4422.25 133.1 0.2
66.6 4435.56 133.3 0.2
66.7 4448.89 133.5 0.2
66.8 4462.24 133.7 0.2
66.9 4475.61 133.9 0.2
67 4489 134.1 0.2
67.1 4502.41 134.3 0.2
67.2 4515.84 134.5 0.2
67.3 4529.29 134.7 0.2
67.4 4542.76 134.9 0.2
67.5 4556.25 135.1 0.2
67.6 4569.76 135.3 0.2
67.7 4583.29 135.5 0.2
67.8 4596.84 135.7 0.2
67.9 4610.41 135.9 0.2
68 4624 136.1 0.2
68.1 4637.61 136.3 0.2
68.2 4651.24 136.5 0.2
68.3 4664.89 136.7 0.2
68.4 4678.56 136.9 0.2
68.5 4692.25 137.1 0.2
68.6 4705.96 137.3 0.2
68.7 4719.69 137.5 0.2
68.8 4733.44 137.7 0.2
68.9 4747.21 137.9 0.2
69 4761 138.1 0.2
69.1 4774.81 138.3 0.2
69.2 4788.64 138.5 0.2
69.3 4802.49 138.7 0.2
69.4 4816.36 138.9 0.2
69.5 4830.25 139.1 0.2
69.6 4844.16 139.3 0.2
69.7 4858.09 139.5 0.2
69.8 4872.04 139.7 0.2
69.9 4886.01 139.9 0.2
70 4900 140.1 0.2
70.1 4914.01 140.3 0.2
70.2 4928.04 140.5 0.2
70.3 4942.09 140.7 0.2
70.4 4956.16 140.9 0.2
70.5 4970.25 141.1 0.2
70.6 4984.36 141.3 0.2
70.7 4998.49 141.5 0.2
70.8 5012.64 141.7 0.2
70.9 5026.81 141.9 0.2
71 5041 142.1 0.2
71.1 5055.21 142.3 0.2
71.2 5069.44 142.5 0.2
71.3 5083.69 142.7 0.2
71.4 5097.96 142.9 0.2
71.5 5112.25 143.1 0.2
71.6 5126.56 143.3 0.2
71.7 5140.89 143.5 0.2
71.8 5155.24 143.7 0.2
71.9 5169.61 143.9 0.2
72 5184 144.1 0.2
72.1 5198.41 144.3 0.2
72.2 5212.84 144.5 0.2
72.3 5227.29 144.7 0.2
72.4 5241.76 144.9 0.2
72.5 5256.25 145.1 0.2
72.6 5270.76 145.3 0.2
72.7 5285.29 145.5 0.2
72.8 5299.84 145.7 0.2
72.9 5314.41 145.9 0.2
73 5329 146.1 0.2
73.1 5343.61 146.3 0.2
73.2 5358.24 146.5 0.2
73.3 5372.89 146.7 0.2
73.4 5387.56 146.9 0.2
73.5 5402.25 147.1 0.2
73.6 5416.96 147.3 0.2
73.7 5431.69 147.5 0.2
73.8 5446.44 147.7 0.2
73.9 5461.21 147.9 0.2
74 5476 148.1 0.2
74.1 5490.81 148.3 0.2
74.2 5505.64 148.5 0.2
74.3 5520.49 148.7 0.2
74.4 5535.36 148.9 0.2
74.5 5550.25 149.1 0.2
74.6 5565.16 149.3 0.2
74.7 5580.09 149.5 0.2
74.8 5595.04 149.7 0.2
74.9 5610.01 149.9 0.2
